121458
63386
61186
58264
46237
44606
37275
32752
30815
30516
29365
26450
25635
23930
23386
22969
22829
22845
22341
19897
19316
18979
18222
18133
17188
17186
17228
17027
16789
16678
16618
16358
15380
14649
14391
14070
13806
13257
13119
12926
12882
12779
12506
12213
12164
11942
11739
11599
11293
11265
11168
11127
11099
10873
10651
10535
10424
10210
9944
9838
9700
9654
9619
9439
9454
9427
9275
9086
8856
8819
8802
8750
8680
8618
8565
8517
8443
8329
8195
8238
8064
8048
7960
7904
7905
7893
7498
7490
7375
7300
7280
7222
7204
7176
7153
7125
7028
7012
6979
6995
5523
5540
5429
5409
5288
5259
5291
5202
5215
5182
5183
5167
5218
5067
5021
5002
4992
4987
4948
4935
4928
4914
4897
4867
4852
4900
4789
4748
4761
4715
4673
4645
4628
4571
4570
4562
4586
4575
4538
4521
4524
4506
4508
4465
4442
4396
4388
4372
4341
4365
4360
4295
4277
4289
4269
4197
4143
4154
4140
4136
4098
4084
4040
4023
4029
3977
3976
4006
3964
3913
3915
3971
3911
3965
3885
3881
3876
3848
3846
3816
3808
3806
4027
3758
3750
3747
3767
3727
3696
3680
3658
3673
3628
3627
3637
3624
3581
3572
3579
3549
2092
2096
2065
2068
2061
2046
2032
2030
2029
2016
2017
2005
1995
1985
1986
1992
1949
1950
1966
1941
1940
1942
1931
1917
1919
1915
1919
1905
1903
1911
1901
1908
1889
1910
1875
1873
1885
1855
1857
1869
1855
1846
1851
1859
1823
1831
1839
1833
1804
1823
1803
1798
1808
1825
1806
1788
1775
1772
1775
1768
1783
1764
1802
1768
1757
1778
1764
1765
1732
1714
1713
1703
1687
1706
1682
1684
1679
1685
1676
1672
1675
1671
1669
1668
1699
1667
1665
1667
1667
1658
1655
1659
1656
1647
1646
1652
1640
1642
1618
1612
3624
3601
3598
3586
3578
3579
3572
3579
3563
3547
3545
3545
3560
3555
3521
3569
3630
3518
3513
3491
3481
3474
3479
3440
3509
3491
3435
3412
3413
3409
3403
3500
3419
3410
3397
3388
3413
3389
3370
3368
3363
3371
3386
3328
3314
3341
3299
3304
3301
3292
3296
3282
3282
3268
3234
3238
3229
3228
3231
3225
3261
3196
3205
3189
3195
3184
3193
3185
3165
3166
3200
3158
3151
3166
3158
3141
3173
3138
3131
3126
3124
3146
3124
3095
3108
3097
3083
3087
3077
3069
3095
3056
3060
3051
3045
3044
3030
3041
3032
3034
1791
1767
1756
1770
1748
1764
1749
1765
1733
1727
1737
1725
1714
1713
1718
1710
1701
1695
1694
1700
1690
1684
1681
1684
1717
1696
1672
1669
1667
1669
1699
1673
1665
1667
1658
1656
1670
1651
1649
1647
1652
1648
1640
1642
1640
1639
1696
1631
1622
1626
1620
1621
1618
1635
1611
1610
1610
1605
1610
1594
1593
1596
1588
1586
1586
1589
1582
1576
1589
1574
1569
1570
1554
1550
1565
1554
1554
1537
1537
1546
1558
1533
1540
1619
1529
1527
1526
1539
1521
1519
1521
1516
1515
1516
1516
1509
1510
1511
1507
1502
1671
1669
1668
1667
1669
1699
1673
1665
1667
1658
1655
1656
1670
1651
1649
1649
1647
1652
1646
1648
1640
1642
1640
1639
1696
1627
1631
1622
1626
1621
1611
1610
1610
1605
1605
1663
1606
1600
1630
1610
1594
1593
1596
1588
1586
1589
1582
1589
1574
1569
1559
1553
1554
1558
1565
1554
1552
1537
1537
1546
1558
1540
1619
1529
1527
1526
1539
1521
1537
1519
1521
1516
1515
1516
1517
1509
1510
1507
1505
1510
1518
1505
1496
1493
1490
1491
1538
1529
1495
1487
1494
1482
1478
1480
1478
1478
1493
1494
1472
1468
1928
1917
1919
1915
1911
1907
1916
1919
1905
1911
1911
1923
1904
1908
1920
1892
1910
1912
1898
1875
1867
1870
1866
1866
1871
1855
1886
1856
1857
1869
1854
1855
1846
1859
1844
1834
1858
1827
1830
1859
1823
1851
1831
1818
1817
1817
1839
1833
1813
1813
1839
1824
1804
1806
1803
1798
1808
1794
1792
1825
1806
1806
1788
1793
1792
1775
1774
1775
1775
1772
1773
1768
1783
1764
1768
1802
1791
1769
1757
1756
1770
1806
1757
1778
1747
1742
1767
1748
1751
1736
1732
1729
1725
1721
1714
1720
1713
1709
1702
1738
1336
1332
1364
1344
1335
1331
1345
1324
1323
1316
1333
1319
1320
1312
1325
1316
1315
1312
1312
1322
1314
1311
1358
1315
1307
1304
1305
1316
1304
1299
1306
1298
1297
1294
1293
1291
1287
1293
1282
1296
1283
1284
1277
1276
1276
1280
1267
1263
1267
1260
1269
1269
1263
1254
1257
1250
1253
1250
1244
1246
1247
1255
1247
1238
1249
1242
1266
1234
1242
1233
1233
1230
1226
1225
1226
1227
1231
1223
1221
1320
1215
1214
1219
1213
1210
1213
1213
1212
1213
1213
1209
1207
1227
1206
1210
1230
1201
1248
1202
1207
703
692
690
694
690
711
697
689
687
687
697
687
687
690
690
685
686
696
684
682
685
682
684
683
682
679
688
678
676
697
679
679
685
676
677
676
679
675
677
677
674
675
677
675
671
681
666
669
669
667
668
668
670
671
665
668
668
669
665
666
661
663
666
662
665
661
659
663
660
659
661
658
661
657
657
670
658
656
653
657
651
653
654
679
650
652
650
651
651
655
651
649
653
652
649
648
652
647
650
645
1176
1166
1163
1171
1167
1178
1163
1162
1173
1170
1164
1158
1157
1164
1155
1159
1150
1156
1153
1148
1151
1150
1163
1145
1150
1146
1162
1145
1140
1138
1144
1143
1139
1144
1137
1146
1135
1138
1136
1147
1139
1130
1129
1121
1136
1121
1116
1124
1136
1116
1111
1128
1113
1125
1106
1109
1155
1109
1107
1110
1104
1108
1113
1104
1100
1096
1112
1097
1095
1092
1094
1086
1088
1114
1088
1087
1079
1080
1110
1074
1126
1070
1071
1074
1086
1072
1073
1066
1063
1063
1065
1070
1062
1082
1059
1065
1087
1065
1060
1074
