121603
75054
70243
63452
61297
58392
57261
46274
46135
46074
44655
37291
35094
32776
32805
32606
30872
30834
30582
30222
29564
29441
29203
27514
26783
26568
25700
25707
25552
25213
24630
24397
23949
23958
23648
23569
23577
23494
23041
22856
22889
22726
22657
22559
22405
22408
22386
22176
21994
21509
20937
20019
19923
19635
19399
19283
19332
19112
19011
18956
18725
18681
18232
18168
17425
17285
17215
17236
17112
17049
16811
16794
16782
16689
16638
16368
16268
15921
15692
15387
15156
14838
14853
14702
14406
14206
14131
14023
13920
13812
13778
13652
13630
13567
13486
13398
13264
13243
13144
13128
12975
12935
12928
12910
12886
12666
12606
12524
12508
12473
12379
12386
12276
12210
12219
12186
12182
12097
11918
11950
11819
11765
11746
11723
11664
11625
11568
11529
11512
11498
11291
11275
11197
11170
11168
11176
11127
11124
11139
10983
10882
10854
10835
10652
10620
10536
10537
10422
10416
10376
10336
10311
10258
10210
10167
10074
10043
9963
9949
9903
9853
9786
9740
9727
9715
9654
9638
9620
9617
9617
9564
9545
9452
9435
9461
9420
9328
9280
9277
9138
9086
9085
9062
8917
8949
8881
8878
8825
8810
8772
8751
8695
8679
8620
8626
8590
8572
8551
8524
8525
8497
8489
8445
8474
8403
8330
8350
8275
8206
8200
8182
8248
8114
8064
8060
7997
7992
7967
7915
7904
7911
7893
7878
7826
7841
7804
7699
7632
7631
7580
7557
7530
7535
7509
7507
7499
7482
7400
7375
7373
7302
7280
7282
7270
7256
7268
7246
7242
7237
7250
7228
7311
7188
7182
7153
7183
7142
7179
7133
7139
7163
7072
7029
7019
6986
6969
6964
6995
6960
6933
6858
6861
6855
6818
7055
6807
6807
6724
6719
6695
6694
6691
6711
6738
6684
6637
6626
6599
6570
6559
6548
6531
6467
6455
6423
6403
6390
6383
6372
6356
6362
6349
6333
6305
6318
6321
6237
6200
6220
6179
6149
6143
6115
6112
6129
6080
6053
6046
6049
6045
6032
6001
6017
5988
5974
5977
5959
5965
5957
6011
5931
5927
5913
5914
5898
5878
5888
5806
5799
5780
5794
5827
5780
5756
5762
5750
5727
5718
5728
5713
5843
5673
5704
5674
5655
5651
5630
5637
5624
5628
5616
5615
5609
5595
5581
5575
5548
5557
5576
5523
5517
5568
5518
5511
5512
5508
5508
5492
5492
5481
5530
5471
5546
5435
5431
5410
5395
5394
5379
5413
5355
5371
5360
5337
5348
5297
5290
5279
5271
5259
5275
5308
5208
5200
5219
5213
5249
5214
5199
5193
5194
5208
5188
5186
5181
5175
5173
5170
5179
5227
5149
5236
5070
5056
5110
5029
5035
5020
5019
5016
5002
4993
5016
5004
4959
4967
4967
4985
4953
4952
4945
4929
4927
4933
4916
4916
4917
4905
4871
4868
4859
4852
4847
4908
4817
4819
4788
4781
4781
4774
4783
4839
4819
4758
4766
4745
4736
4802
4715
4719
4733
4713
4732
4680
4674
4671
4680
4646
4632
4634
4584
4583
4571
4572
4575
4576
4613
4565
4558
4594
4548
4579
4556
4538
4538
4525
4520
4512
4525
4509
4509
4477
4471
4456
4458
4442
4441
4442
4443
4429
4410
4421
4414
4386
4387
4400
4374
4405
4374
4340
4371
4369
4360
4329
4315
4311
4308
4304
4277
4296
4288
4281
4257
4273
4274
4243
4246
4240
4240
4244
4204
4190
4204
4186
4194
4175
4157
4207
4142
4125
4125
4127
4150
4132
4161
4146
4136
4137
4097
4148
4085
4063
4059
4062
4051
4054
4043
4041
4063
4032
4023
4028
4026
4017
3995
3987
4028
3981
4017
3988
3968
3974
3969
3966
3969
3985
3965
3962
3952
3948
3939
4010
3938
3960
3938
3912
3920
3998
3912
3892
3887
3893
3877
3867
3867
3861
3850
3850
3852
3852
3851
3843
3841
3815
3813
3829
3796
3834
3862
3803
3811
3794
4083
3771
3750
3762
3753
3780
3729
3788
3719
3726
3712
3733
3698
3688
3684
3678
3683
3674
3659
3653
3651
3676
3638
3628
3638
3631
3624
3638
3611
3604
3624
3602
3587
3578
3583
3580
3590
3577
3573
3576
3572
3585
3564
3562
3561
3567
3547
3544
3549
3552
3544
3550
3540
3531
3669
3521
3631
3639
3526
3519
3517
3513
3507
3500
3499
3494
3489
3512
3483
3474
3472
3482
3483
3464
3469
3457
3440
3571
3500
3420
3438
3414
3419
3410
3436
3407
3398
3518
3409
3425
3412
3403
3391
3413
3397
3398
3372
3373
3363
3391
3362
3383
3347
3352
3379
3332
3337
3390
3373
3366
3329
3315
3313
3306
3305
3305
3333
3299
3301
3290
3294
3299
3285
3277
3274
3347
3275
3270
3246
3246
3233
3238
3228
3235
3225
3225
3217
3262
3203
3228
3204
3204
3197
3210
3189
3185
3193
3179
3176
3184
3168
3165
3202
3159
3158
3155
3150
3170
3158
3150
3161
3142
3198
3140
3145
3137
3137
3138
3132
3126
3148
3126
3114
3105
3104
3108
3102
3111
3098
3098
3098
3093
3100
3082
3091
3156
3079
3077
3068
3095
3060
3081
3065
3063
3053
3066
3044
3042
3050
3045
3045
3031
3041
3040
3036
3036
3023
3071
3022
3023
3064
3008
3007
3016
3006
3017
3002
2998
2989
2997
3006
2991
2986
2982
2986
2983
2978
2969
2967
2966
2957
2939
3092
2936
2943
2958
2948
2925
2930
2928
2919
2905
2906
2896
2901
2906
2900
2893
2890
2891
2881
2892
2883
2874
2887
2867
2860
2858
2856
2855
2849
2866
2854
2847
2848
2840
2844
2843
2832
2836
2848
2832
2829
2837
2828
2832
2817
2816
2814
2815
2815
2814
2806
2798
2828
2803
2807
2796
2796
2789
2796
2789
2786
2790
2802
2796
2771
2772
2777
2771
2765
2761
2752
2778
2763
2753
2751
2746
2737
2740
2737
2737
2747
2736
2734
2726
2731
2754
2723
2724
2720
2751
2713
2736
2724
2707
2711
2699
2702
2705
2740
2689
2690
2686
2687
2685
2711
2675
2672
2689
2669
2665
2664
2669
2675
2670
2659
2653
2656
2649
2648
2644
2649
2655
2648
2644
2646
2632
2639
2633
2636
2629
2641
2632
2623
2621
2642
2629
2625
2637
2615
2621
2626
2664
2623
2610
2630
2615
